m=1000;
b=50;
u=10;
kp=800;
ki=40;